--- Page 1 ---
Part One Crime Reported
Citywide Part One Violent Crime by Offense and Area/District
1/1/2024 - 12/28/2024 vs. 1/1/2025 - 12/28/2025
Homicide ** Rape & Attempted Robbery & Attempted Domestic Aggravated Non-Domestic Aggravated
Assault Assault
Area District 2024 2025 5YR 2024 2025 5YR 2024 2025 5YR 2024 2025 5YR 2024 2025 5YR
AVG AVG AVG AVG AVG
A01 1 1 1.6 25 19 22.4 148 128 151 25 21 27.6 251 208 225
A07 0 1 0.8 7 10 10 41 29 40.4 47 43 50.8 87 60 72.6
A
A15 0 2 0.4 2 0 1.4 17 10 13.4 8 9 14.2 28 23 23.2
Subtotal 1 4 2.8 34 29 33.8 206 167 204.8 80 73 92.6 366 291 320.8
B02 2 8 7.6 27 27 33.6 109 110 111.2 175 147 190.8 270 259 304.4
B B03 4 8 11.2 23 14 25.8 77 84 82.8 203 258 179.8 202 252 217
Subtotal 6 16 18.8 50 41 59.4 186 194 194 378 405 370.6 472 511 521.4
C06 0 0 1.2 10 13 16.8 63 60 74.4 40 59 36.6 152 121 168.4
C C11 7 3 6.6 19 11 23.4 118 119 115.6 147 138 146 219 175 211.8
Subtotal 7 3 7.8 29 24 40.2 181 179 190 187 197 182.6 371 296 380.2
D04 4 2 2.8 24 31 26 113 100 113.2 65 46 52 203 195 211.6
D D14 0 2 0.4 11 10 15.6 39 23 37.2 41 43 36.6 81 76 85
Subtotal 4 4 3.2 35 41 41.6 152 123 150.4 106 89 88.6 284 271 296.6
E05 0 0 0.6 4 4 6.2 22 22 23 53 36 43.4 54 26 43.6
E13 4 3 3 7 7 8.8 44 38 38.6 47 45 41.6 68 70 76.6
E
E18 2 1 2 7 3 8.6 32 29 27.8 54 51 49 71 80 71.4
Subtotal 6 4 5.6 18 14 23.6 98 89 89.4 154 132 134 193 176 191.6
N/D 0 0 0 7 1 7.4 0 8 4.2 2 18 6.2 2 9 10.4
ND
Subtotal 0 0 0 7 1 7.4 0 8 4.2 2 18 6.2 2 9 10.4
Grand 24 31 38.2 173 150 206.0 823 760 832.8 907 914 874.6 1,688 1,554 1,721.0
Total
This data should be considered preliminary and may change once UCR coding is complete.
** 2025 Homicide totals include 3 incidents that were ruled a Homicide in 2025 but occurred in prior years.
2024 Homicide totals include 1 incidents that were ruled a Homicide in 2024 but occurred in prior years.

--- Page 2 ---
Part One Crime Reported
Citywide Part One Property Crime by Offense and Area/District
1/1/2024 - 12/28/2024 vs. 1/1/2025 - 12/28/2025
Commercial Burglary Residential Burglary Larceny From MV Other Larceny Auto Theft Totals % 5 Year
Change Avg
Area District 2024 2025 5YR 2024 2025 5YR 2024 2025 5YR 2024 2025 5YR 2024 2025 5YR 2024 2025 TOTAL
AVG AVG AVG AVG AVG
A01 78 123 83.6 50 44 47.6 213 180 239.8 1,397 1,371 1225.8 70 79 95 2,258 2,174 -4% 2121
A07 11 5 22.8 36 24 43.6 66 57 131.8 308 298 254.8 66 44 69 669 571 -15% 698
A
A15 6 6 5.6 17 9 22.4 50 50 81.2 126 103 112.2 21 16 17.4 275 228 -17% 292
Subtotal 95 134 112 103 77 113.6 329 287 452.8 1,831 1,772 1592.8 157 139 181.4 3,202 2,973 -7% 3111
B02 28 21 38.8 130 72 126.8 321 334 372.8 796 963 654.4 198 183 203.2 2,056 2,124 3% 2044
B B03 13 16 15.2 84 65 98.8 209 181 218.6 456 535 390 129 154 120.2 1,400 1,567 12% 1360
Subtotal 41 37 54 214 137 225.6 530 515 591.4 1,252 1,498 1044.4 327 337 323.4 3,456 3,691 7% 3404
C06 82 60 49.4 54 52 69.8 218 211 299.2 881 830 656.8 88 90 109.4 1,588 1,496 -6% 1482
C C11 51 54 38.6 84 78 111.2 359 226 370.8 1,014 996 695.8 176 162 190 2,194 1,962 -11% 1911
Subtotal 133 114 88 138 130 181 577 437 670 1,895 1,826 1352.6 264 252 299.4 3,782 3,458 -9% 3393
D04 49 51 73 80 56 97.2 470 412 435.6 2,113 2,294 1828 140 159 158.8 3,261 3,346 3% 2999
D D14 24 33 23 122 108 145.8 175 90 185.6 508 502 527.4 81 82 105 1,082 969 -10% 1163
Subtotal 73 84 96 202 164 243 645 502 621.2 2,621 2,796 2355.4 221 241 263.8 4,343 4,315 -1% 4162
E05 13 13 13 37 32 49.2 94 86 125 295 221 259 62 66 57.4 634 506 -20% 620
E13 8 15 16.6 36 43 44.2 170 111 151.2 463 452 361.2 62 60 58.8 909 844 -7% 802
E
E18 6 6 10.2 28 28 37.8 91 96 106.2 283 255 268.8 47 81 62 621 630 1% 644
Subtotal 27 34 39.8 101 103 131.2 355 293 382.4 1,041 928 889 171 207 178.2 2,164 1,980 -9% 2066
N/D 0 1 0.8 0 5 2.8 4 8 7.8 3 45 14 4 17 7.2 22 112 0% 64
ND
Subtotal 0 1 0.8 0 5 2.8 4 8 7.8 3 45 14 4 17 7.2 22 112 0% 64
Grand 369 404 390.6 758 616 897.2 2,440 2,042 2,725.6 8,643 8,865 7,248.2 1,144 1,193 1,253.4 16,969 16,529 -3% 16200
Total